41,65143,0,0,0,0,2000,0,
40,65139,0,0,0,0,2000,0,
37,65141,0,0,0,0,2000,0,
65178,31,0,0,0,0,0,2000
65168,30,0,0,0,0,0,2000
65163,30,0,0,0,0,0,2000
65172,33,0,0,0,0,0,2000
65168,29,0,0,0,0,0,2000
65156,36,0,0,0,0,0,2000
65165,33,0,0,0,0,0,2000
65144,24,0,0,0,0,0,2000
65152,28,0,0,0,0,0,2000
65142,24,0,0,0,0,0,2000
65140,22,0,0,0,0,0,2000
65142,30,0,0,0,0,0,2000
65142,25,0,0,0,0,0,2000
65145,24,0,0,0,0,0,2000
65140,28,0,0,0,0,0,2000
65152,28,0,0,0,0,0,2000
65151,29,0,0,0,0,0,2000
65138,24,0,0,0,0,0,2000
65140,22,0,0,0,0,0,2000
65149,26,0,0,0,0,0,2000
65145,22,0,0,0,0,0,2000
65137,24,0,0,0,0,0,2000
65149,29,0,0,0,0,0,2000
65135,27,0,0,0,0,0,2000
65141,20,0,0,0,0,0,2000
303,17,0,0,0,0,0,2000
354,19,0,0,0,0,0,2000
308,20,0,0,0,0,0,2000
264,31,0,0,0,0,0,2000
331,20,0,0,0,0,0,2000
324,29,0,0,0,0,0,2000
324,24,0,0,0,0,0,2000
269,25,0,0,0,0,0,2000
62885,30,0,0,0,0,0,2000
64013,30,0,0,2000,0,0,0,
64884,28,0,0,2000,0,0,0,
65488,23,0,0,2000,0,0,0,
1034,20,0,0,2000,0,0,0,
5325,14,0,0,2000,0,0,0,
8304,29,0,0,2000,0,0,0,
8797,29,0,0,2000,0,0,0,
9390,28,0,0,2000,0,0,0,
9558,18,0,0,2000,0,0,0,
9895,27,0,0,2000,0,0,0,
10301,24,0,0,2000,0,0,0,
10878,23,0,0,2000,0,0,0,
11170,14,0,0,2000,0,0,0,
12342,24,0,0,2000,0,0,0,
12226,29,0,0,2000,0,0,0,
12207,30,0,0,2000,0,0,0,
12329,14,0,0,2000,0,0,0,
12265,25,0,0,2000,0,0,0,
12312,25,0,0,2000,0,0,0,
12200,15,0,0,2000,0,0,0,
12223,13,0,0,2000,0,0,0,
12484,24,0,0,2000,0,0,0,
8313,16,0,0,2000,0,0,0,
9123,22,0,0,2000,0,0,0,
65157,20,0,0,2000,0,0,0,
65157,15,0,0,2000,0,0,0,
65164,18,0,0,2000,0,0,0,
65170,22,0,0,2000,0,0,0,
65170,27,0,0,2000,0,0,0,
65159,24,0,0,2000,0,0,0,
65159,18,0,0,2000,0,0,0,
65165,26,0,0,2000,0,0,0,
65160,23,0,0,2000,0,0,0,
65167,25,0,0,2000,0,0,0,
65152,24,0,0,2000,0,0,0,
65149,65190,0,0,2000,0,0,0,
65164,65190,0,0,2000,0,0,0,
65163,65203,0,0,2000,0,0,0,
65154,65188,0,0,2000,0,0,0,
40,102,0,0,0,0,2000,0,
49,103,0,0,0,0,2000,0,
44,109,0,0,0,0,2000,0,
52,109,0,0,0,0,2000,0,
48,114,0,0,0,0,2000,0,
37,110,0,0,0,0,2000,0,
51,110,0,0,0,0,2000,0,
50,113,0,0,0,0,2000,0,
37,94,0,0,0,0,2000,0,
50,113,0,0,0,2000,0,0,
49,105,0,0,0,2000,0,0,
42,99,0,0,0,2000,0,0,
46,110,0,0,0,2000,0,0,
41,96,0,0,0,2000,0,0,
46,102,0,0,0,2000,0,0,
47,110,0,0,0,2000,0,0,
36,92,0,0,0,2000,0,0,
36,94,0,0,0,2000,0,0,
38,95,0,0,0,2000,0,0,
56,115,0,0,0,2500,0,0,
45,110,0,0,0,2500,0,0,
32769,90,0,0,0,0,0,0,
32769,65210,0,0,2000,0,0,0,
32769,65221,0,0,2000,0,0,0,
32769,65221,0,0,2000,0,0,0,
32769,65206,0,0,2000,0,0,0,
32769,65213,0,0,2000,0,0,0,
32769,65043,0,0,2500,0,0,0,
32769,65040,0,0,2500,0,0,0,
32769,65034,0,0,2500,0,0,0,
26,65042,0,0,2500,0,0,0,
27,65042,0,0,2500,0,0,0,
30,65043,0,0,2500,0,0,0,
28,65038,0,0,2500,0,0,0,
31,65040,0,0,2500,0,0,0,
28,65040,0,0,2500,0,0,0,
17,92,0,0,50,0,0,0,
16,102,0,0,50,0,0,0,
17,95,0,0,50,0,0,0,
16,93,0,0,50,0,0,0,
23,65496,0,0,1000,0,0,0,
28,65504,0,0,1000,0,0,0,
22,65488,0,0,1000,0,0,0,
20,65476,0,0,1000,0,0,0,
65470,91,0,0,0,1000,0,0,
65472,105,0,0,0,1000,0,0,
65472,113,0,0,0,1000,0,0,
65458,93,0,0,0,1000,0,0,
65464,106,0,0,0,0,1000,0,
65448,93,0,0,0,0,1000,0,
50,105,0,0,0,0,2500,0,
46,111,0,0,0,0,2500,0,
42,110,0,0,0,0,2500,0,
